----------------------
Start address  = 	0
Data length    = 	2048
Sample size    = 	2
Sample res     = 	-32768
Sample offset  = 	-16
Input range    = 	2000
Dc offset      = 	0
Segment count  = 	1
Segment number = 	1
Average count = 	0
----------------------
0.008759
0.007294
0.005829
0.005829
0.006805
0.006805
0.004852
0.004852
0.005341
0.001923
0.002411
0.002411
0.001434
0.000946
-0.000031
-0.000519
-0.001495
-0.001984
-0.003448
-0.002960
-0.003937
-0.004425
-0.004425
-0.004425
-0.004425
-0.006378
-0.007843
-0.006866
-0.006866
-0.007355
-0.008331
-0.009308
-0.009308
-0.008331
-0.009308
-0.009308
-0.009308
-0.011261
-0.008331
-0.008331
-0.008820
-0.008331
-0.009308
-0.008331
-0.008331
-0.008820
-0.009308
-0.009796
-0.007355
-0.006378
-0.006378
-0.007355
-0.007355
-0.005890
-0.004913
-0.004913
-0.005890
-0.003448
-0.002960
-0.002472
-0.003937
-0.001007
-0.001007
0.001434
0.000946
-0.000031
0.002411
0.002899
0.002411
0.003876
0.003876
0.003876
0.005341
0.005829
0.007294
0.007294
0.005829
0.009247
0.008759
0.007782
0.008270
0.008759
0.009735
0.011200
0.011200
0.010223
0.010223
0.011200
0.011200
0.010712
0.011200
0.011200
0.011200
0.011200
0.011200
0.009735
0.008759
0.008759
0.008270
0.007782
0.008270
0.009247
0.005829
0.007294
0.006805
0.004364
0.003876
0.004364
0.005341
0.003387
0.002411
0.002411
0.001434
0.000946
-0.000031
-0.000031
-0.001007
-0.001495
-0.002960
-0.002960
-0.002960
-0.004425
-0.005890
-0.005402
-0.005402
-0.005890
-0.006866
-0.006378
-0.007843
-0.007843
-0.008331
-0.008331
-0.008331
-0.009308
-0.009308
-0.009308
-0.009308
-0.008331
-0.008331
-0.009308
-0.008331
-0.009308
-0.009796
-0.009308
-0.008331
-0.009308
-0.009796
-0.009308
-0.006378
-0.006378
-0.006866
-0.006866
-0.006378
-0.005402
-0.005402
-0.004913
-0.003937
-0.003937
-0.002960
-0.003448
-0.000519
-0.000519
-0.000519
-0.000519
-0.000031
0.000458
0.002899
0.003387
0.003387
0.003876
0.004364
0.004852
0.005829
0.005829
0.006317
0.006317
0.005829
0.007782
0.008270
0.008270
0.008759
0.008270
0.009735
0.010223
0.010712
0.010223
0.010712
0.010712
0.010712
0.010223
0.011200
0.009735
0.009735
0.011200
0.011200
0.009735
0.011200
0.008270
0.009247
0.007782
0.009247
0.005829
0.007294
0.006317
0.006805
0.006805
0.003876
0.003876
0.003876
0.002411
0.003387
0.003387
-0.000031
0.000458
0.001434
-0.000519
-0.001495
-0.001495
-0.003448
-0.002960
-0.003937
-0.003448
-0.004913
-0.005890
-0.004425
-0.006866
-0.007843
-0.006378
-0.006866
-0.007843
-0.009796
-0.008820
-0.009796
-0.008331
-0.009308
-0.009796
-0.008331
-0.010284
-0.009308
-0.010773
-0.011261
-0.009796
-0.008331
-0.009308
-0.009796
-0.009308
-0.009308
-0.008331
-0.006866
-0.006866
-0.007843
-0.007355
-0.007355
-0.006378
-0.004425
-0.004913
-0.003448
-0.002960
-0.002472
-0.003448
-0.000519
-0.001984
-0.001495
-0.000519
0.001434
0.000458
0.002411
0.003387
0.003387
0.005341
0.003876
0.004852
0.003876
0.005829
0.006805
0.005829
0.007294
0.008759
0.008270
0.008759
0.007782
0.007782
0.009735
0.010712
0.011200
0.010223
0.010223
0.010712
0.010223
0.010712
0.010712
0.010712
0.010712
0.010223
0.011200
0.010712
0.009247
0.007782
0.009247
0.008270
0.009247
0.005829
0.006317
0.005829
0.007294
0.006805
0.004852
0.005341
0.003876
0.002411
0.002899
0.002411
0.000458
-0.000031
0.001434
-0.001007
-0.000519
-0.001984
-0.003937
-0.003448
-0.002472
-0.004913
-0.004425
-0.005890
-0.005402
-0.007843
-0.007843
-0.007355
-0.006378
-0.006378
-0.007355
-0.009796
-0.008331
-0.008331
-0.009796
-0.009308
-0.009308
-0.009308
-0.009308
-0.009796
-0.009796
-0.008331
-0.008331
-0.008331
-0.008331
-0.008820
-0.008820
-0.009308
-0.009308
-0.007355
-0.006866
-0.006866
-0.006866
-0.004913
-0.005890
-0.004913
-0.004913
-0.003448
-0.003448
-0.003448
-0.001495
-0.000519
-0.001495
-0.001007
0.000946
0.000946
0.001923
0.002899
0.002411
0.003876
0.004852
0.003876
0.006317
0.006805
0.006317
0.007294
0.005829
0.007782
0.007782
0.007782
0.008759
0.009247
0.011200
0.011200
0.011200
0.010223
0.009735
0.011200
0.010712
0.009735
0.011200
0.010712
0.010223
0.009735
0.010712
0.009247
0.010712
0.009247
0.008759
0.008759
0.007782
0.008270
0.006805
0.005829
0.006805
0.005341
0.004364
0.003876
0.004364
0.001923
0.003387
0.001923
0.001434
-0.000031
-0.000031
-0.001495
-0.001495
-0.000519
-0.001495
-0.003448
-0.002472
-0.005890
-0.004425
-0.004913
-0.004425
-0.005890
-0.006866
-0.006378
-0.007843
-0.006866
-0.008820
-0.009796
-0.009796
-0.008820
-0.008331
-0.009308
-0.008820
-0.009796
-0.009796
-0.008820
-0.009308
-0.009308
-0.008331
-0.008331
-0.009796
-0.008820
-0.009308
-0.008820
-0.008331
-0.006866
-0.006866
-0.007355
-0.007843
-0.005890
-0.004913
-0.005402
-0.005890
-0.003448
-0.003448
-0.003448
-0.000519
-0.001984
-0.000519
0.001434
0.000458
0.000458
0.002899
0.002411
0.002899
0.005341
0.004852
0.003876
0.006317
0.006317
0.006805
0.007294
0.007294
0.007294
0.008759
0.009247
0.007782
0.007782
0.007782
0.010712
0.010223
0.009735
0.009735
0.011200
0.011200
0.010712
0.009735
0.009735
0.010223
0.010223
0.010712
0.009247
0.008270
0.009247
0.008270
0.008759
0.008270
0.006317
0.006317
0.006805
0.005829
0.005341
0.004364
0.003876
0.004364
0.001923
0.002411
0.002899
-0.000031
0.001434
0.000946
-0.000519
-0.001495
-0.001984
-0.003937
-0.002472
-0.003448
-0.003448
-0.005402
-0.004913
-0.004425
-0.006378
-0.006378
-0.007355
-0.007843
-0.006866
-0.008820
-0.009308
-0.009308
-0.008820
-0.009796
-0.008331
-0.009308
-0.009796
-0.009308
-0.008820
-0.009308
-0.011261
-0.008820
-0.008820
-0.009308
-0.008331
-0.009796
-0.008820
-0.007843
-0.007843
-0.007355
-0.007355
-0.006866
-0.004913
-0.004425
-0.004913
-0.004913
-0.003448
-0.002472
-0.003937
-0.000519
-0.001495
-0.001984
0.001434
0.001434
0.001434
0.003387
0.001923
0.003387
0.004364
0.005341
0.004852
0.004364
0.005341
0.007294
0.006805
0.006317
0.007782
0.009247
0.008270
0.008270
0.010223
0.010712
0.009735
0.011200
0.011200
0.011200
0.011200
0.009735
0.009735
0.011200
0.009735
0.010712
0.009735
0.010712
0.010712
0.008759
0.009247
0.008759
0.008759
0.008759
0.008270
0.006317
0.006317
0.007294
0.007294
0.004364
0.005341
0.004364
0.001923
0.001923
0.002411
0.000946
0.000946
0.001434
-0.000519
-0.001495
-0.000519
-0.003937
-0.002472
-0.003937
-0.005890
-0.004913
-0.005890
-0.005402
-0.006378
-0.006866
-0.006378
-0.006866
-0.007843
-0.008331
-0.009796
-0.008331
-0.009796
-0.008820
-0.009308
-0.009796
-0.009308
-0.008820
-0.008820
-0.009308
-0.011749
-0.009796
-0.008331
-0.009796
-0.009796
-0.008820
-0.008820
-0.007355
-0.006866
-0.007355
-0.007355
-0.006866
-0.004425
-0.004425
-0.005890
-0.004913
-0.003937
-0.003937
-0.003937
-0.003448
-0.001984
-0.001007
0.001434
0.000458
-0.000031
0.002411
0.002899
0.002411
0.003876
0.004364
0.003876
0.005829
0.006317
0.006805
0.006317
0.006317
0.009247
0.009247
0.008759
0.008759
0.010223
0.009247
0.011200
0.010223
0.009735
0.010712
0.009735
0.009735
0.010712
0.011200
0.010712
0.009735
0.010712
0.010712
0.008759
0.008759
0.009247
0.009247
0.008270
0.009247
0.007782
0.006317
0.006805
0.006317
0.004852
0.004852
0.005341
0.003876
0.002411
0.003387
0.003387
-0.000031
0.001434
0.001434
-0.000519
-0.001984
-0.001984
-0.003937
-0.003448
-0.002960
-0.005402
-0.005890
-0.005402
-0.004913
-0.005890
-0.006866
-0.007355
-0.007355
-0.006378
-0.008820
-0.009308
-0.009796
-0.008331
-0.008331
-0.009308
-0.008331
-0.009308
-0.008820
-0.008820
-0.009796
-0.009308
-0.008331
-0.009796
-0.008331
-0.008820
-0.008820
-0.009308
-0.007843
-0.006866
-0.006378
-0.006866
-0.006378
-0.006866
-0.004425
-0.004425
-0.005402
-0.003448
-0.002960
-0.003937
-0.001984
-0.001007
-0.001495
-0.001984
0.000458
0.000946
0.002899
0.002899
0.001923
0.002899
0.004364
0.003876
0.005341
0.005829
0.006805
0.006805
0.006805
0.009247
0.007782
0.009247
0.007782
0.007782
0.010223
0.009735
0.009735
0.011200
0.010712
0.011200
0.010712
0.011200
0.010223
0.010712
0.010712
0.009735
0.010712
0.010712
0.008270
0.008759
0.007782
0.008270
0.007782
0.007782
0.005829
0.007294
0.007294
0.005829
0.004852
0.005341
0.005341
0.002899
0.002411
0.002899
0.002411
0.000946
0.001434
-0.001495
-0.001495
-0.001495
-0.002472
-0.002960
-0.003448
-0.003937
-0.004425
-0.004913
-0.005402
-0.005890
-0.007355
-0.007843
-0.006866
-0.006378
-0.009796
-0.009308
-0.008331
-0.009308
-0.008331
-0.008331
-0.008820
-0.008820
-0.009308
-0.009308
-0.009796
-0.009796
-0.008331
-0.009308
-0.009796
-0.009796
-0.009796
-0.009796
-0.007843
-0.007843
-0.007843
-0.006378
-0.007843
-0.004425
-0.004425
-0.004425
-0.005890
-0.003448
-0.003448
-0.002960
-0.000519
-0.001984
-0.001495
0.001434
0.001434
0.000946
0.003387
0.001923
0.002411
0.003387
0.004364
0.004852
0.003876
0.006317
0.006317
0.006805
0.006805
0.008759
0.008759
0.008270
0.009247
0.008270
0.010223
0.010712
0.009735
0.011200
0.010223
0.009735
0.010223
0.009735
0.011200
0.010712
0.010223
0.010712
0.011200
0.009247
0.007782
0.007782
0.008759
0.009247
0.008270
0.006805
0.006805
0.006805
0.006317
0.005829
0.004364
0.004852
0.004364
0.001923
0.002411
0.002411
-0.000031
0.001434
-0.000031
-0.001007
-0.001007
-0.000519
-0.001495
-0.002472
-0.003937
-0.003448
-0.004425
-0.004425
-0.004425
-0.006866
-0.006866
-0.006378
-0.006866
-0.008331
-0.009308
-0.008820
-0.009796
-0.009796
-0.009308
-0.008820
-0.008820
-0.009796
-0.008820
-0.008331
-0.008331
-0.009308
-0.008331
-0.008331
-0.009796
-0.008820
-0.009308
-0.009796
-0.007843
-0.006866
-0.006866
-0.006378
-0.006378
-0.005890
-0.004913
-0.004913
-0.004913
-0.002472
-0.002472
-0.002960
-0.001495
-0.001007
-0.000519
0.000458
0.001434
-0.000031
0.001923
0.003387
0.003387
0.003876
0.004364
0.005341
0.003876
0.007294
0.006317
0.007294
0.009247
0.008759
0.008759
0.007782
0.008759
0.009247
0.010712
0.010223
0.011200
0.011200
0.009735
0.011200
0.011200
0.010712
0.009735
0.011200
0.011200
0.010712
0.010712
0.009735
0.008759
0.009247
0.007782
0.008759
0.009247
0.009247
0.006317
0.006805
0.007294
0.007294
0.004852
0.004364
0.004364
0.002899
0.001923
0.003387
0.001923
0.000946
0.000946
-0.000031
-0.001007
-0.001495
-0.003937
-0.002960
-0.002472
-0.002960
-0.004425
-0.005890
-0.005890
-0.006866
-0.006378
-0.007355
-0.007843
-0.006866
-0.008820
-0.008331
-0.009796
-0.008820
-0.008331
-0.009796
-0.009796
-0.008820
-0.008331
-0.009308
-0.008331
-0.008820
-0.009308
-0.008820
-0.009796
-0.009796
-0.009796
-0.009308
-0.007843
-0.006378
-0.007843
-0.006866
-0.006866
-0.004913
-0.004425
-0.005890
-0.004913
-0.002960
-0.003448
-0.001984
-0.001495
-0.001984
-0.000519
-0.001495
0.001434
0.001434
0.002899
0.002899
0.003387
0.004852
0.004852
0.004852
0.005341
0.005829
0.005829
0.007294
0.007294
0.008270
0.007782
0.007782
0.007782
0.008759
0.007782
0.009735
0.009735
0.010223
0.009735
0.009735
0.011200
0.011200
0.009735
0.009735
0.011200
0.010223
0.009735
0.009735
0.008759
0.009247
0.009247
0.008270
0.008270
0.007782
0.006805
0.006317
0.006317
0.004852
0.005341
0.004852
0.005341
0.003387
0.001923
0.002411
0.001434
0.000946
0.000946
-0.001007
-0.001984
-0.001495
-0.002472
-0.003937
-0.003937
-0.003448
-0.005402
-0.004913
-0.005402
-0.006866
-0.006378
-0.006866
-0.006378
-0.007843
-0.009308
-0.008331
-0.008331
-0.008820
-0.009308
-0.008331
-0.008331
-0.009796
-0.009796
-0.009796
-0.008820
-0.008820
-0.008331
-0.009796
-0.008820
-0.009308
-0.008331
-0.009308
-0.007355
-0.007843
-0.006378
-0.006378
-0.007843
-0.004425
-0.004425
-0.005890
-0.004913
-0.003448
-0.003448
-0.003448
-0.001984
-0.001495
-0.001984
0.000946
0.000946
-0.000031
-0.000031
0.002899
0.001923
0.003876
0.005341
0.003876
0.003876
0.005829
0.006805
0.007294
0.009247
0.009247
0.008759
0.007782
0.008270
0.008270
0.008759
0.010712
0.009735
0.009735
0.009735
0.010712
0.009735
0.010223
0.009735
0.010223
0.011200
0.010223
0.010223
0.008759
0.009247
0.009247
0.007782
0.007782
0.007782
0.008759
0.006805
0.005829
0.005829
0.003876
0.005341
0.005341
0.004852
0.002411
0.003387
0.002899
-0.000031
0.000458
0.000458
-0.001495
-0.001984
-0.001007
-0.002960
-0.002472
-0.003448
-0.003448
-0.004425
-0.005402
-0.005402
-0.007355
-0.006866
-0.006866
-0.007843
-0.007355
-0.007843
-0.008331
-0.009796
-0.009308
-0.009308
-0.009308
-0.009796
-0.009308
-0.008331
-0.009796
-0.011261
-0.008820
-0.008820
-0.008331
-0.009308
-0.009308
-0.009308
-0.008331
-0.006866
-0.007843
-0.006378
-0.007355
-0.006866
-0.005402
-0.004425
-0.005402
-0.004913
-0.002472
-0.002960
-0.003448
-0.000519
-0.001495
-0.000519
0.000458
0.001434
-0.000031
0.001434
0.002899
0.001923
0.004852
0.004364
0.003876
0.005341
0.005829
0.005829
0.006805
0.006317
0.008759
0.008270
0.008759
0.009247
0.009735
0.008759
0.011200
0.010223
0.011200
0.010223
0.009735
0.010223
0.009735
0.011200
0.010712
0.009735
0.010223
0.011200
0.009735
0.008270
0.008759
0.008759
0.007782
0.008759
0.008759
0.005829
0.006317
0.005829
0.007294
0.004852
0.004364
0.003876
0.002411
0.002899
0.003387
0.001434
0.000458
0.000946
-0.001495
-0.001495
-0.000519
-0.003448
-0.002472
-0.003937
-0.005402
-0.005890
-0.005402
-0.005890
-0.005402
-0.007355
-0.006378
-0.007843
-0.008820
-0.009308
-0.009796
-0.008820
-0.009796
-0.008331
-0.008331
-0.008331
-0.010773
-0.009796
-0.009308
-0.009308
-0.008331
-0.008331
-0.008331
-0.008820
-0.008331
-0.008820
-0.008331
-0.006378
-0.007355
-0.006378
-0.007843
-0.006378
-0.007355
-0.005890
-0.004425
-0.003937
-0.002472
-0.003448
-0.002960
-0.001495
-0.001495
-0.001495
0.001434
0.000458
0.000946
0.000946
0.001923
0.002411
0.003387
0.004852
0.004364
0.004852
0.006805
0.005829
0.005829
0.006317
0.008270
0.008759
0.008759
0.008759
0.008759
0.010712
0.011200
0.010712
0.010223
0.009735
0.010223
0.009735
0.009735
0.010712
0.011200
0.011200
0.011200
0.009735
0.010712
0.008270
0.009247
0.009247
0.008270
0.008759
0.007294
0.006805
0.007294
0.006805
0.005341
0.003876
0.003876
0.004852
0.002411
0.002899
0.003387
0.002899
0.000946
0.000946
-0.001984
-0.000519
-0.001984
-0.003448
-0.003448
-0.002960
-0.005402
-0.004913
-0.005890
-0.004425
-0.006866
-0.007355
-0.007843
-0.006378
-0.006866
-0.009308
-0.008331
-0.008331
-0.009308
-0.008820
-0.009796
-0.008820
-0.009308
-0.008331
-0.011749
-0.009308
-0.009796
-0.009308
-0.008820
-0.009796
-0.008820
-0.009796
-0.009796
-0.008331
-0.006378
-0.007355
-0.007355
-0.007355
-0.005890
-0.004425
-0.005890
-0.005890
-0.002960
-0.002960
-0.002472
-0.001007
-0.001495
-0.001007
0.000458
0.001434
0.000946
0.001434
0.003387
0.001923
0.003876
0.004364
0.005341
0.005341
0.005829
0.006317
0.005829
0.007294
0.007782
0.007782
0.008759
0.007782
0.009247
0.010223
0.009735
0.010223
0.011200
0.011200
0.010712
0.009735
0.010223
0.010712
0.010712
0.011200
0.011200
0.010223
0.010223
0.009247
0.008759
0.008759
0.008270
0.007782
0.006317
0.005829
0.007294
0.006317
0.005341
0.004852
0.004364
0.004364
0.002411
0.002411
0.002411
0.001434
-0.000031
0.000458
-0.001495
-0.000519
-0.001007
-0.002960
-0.002960
-0.002472
-0.004913
-0.005402
-0.005890
-0.005890
-0.006378
-0.006866
-0.006866
-0.006378
-0.009308
-0.008331
-0.008331
-0.008820
-0.009308
-0.009796
-0.008331
-0.008820
-0.008820
-0.008820
-0.008331
-0.008331
-0.008331
-0.008331
-0.008331
-0.008820
-0.008820
-0.009308
-0.008820
-0.008820
-0.006378
-0.007355
-0.006866
-0.007843
-0.005890
-0.005402
-0.004425
-0.005890
-0.002472
-0.003448
-0.002472
-0.001007
-0.001007
-0.001984
-0.001984
-0.000031
0.000458
0.001923
0.001923
0.003387
0.002411
0.003876
0.004364
0.004364
0.006805
0.007294
0.006805
0.006805
0.008759
0.008759
0.008759
0.009247
0.009247
0.010223
0.010712
0.009735
0.010712
0.009735
0.010712
0.010712
0.010223
0.009735
0.011200
0.010712
0.010712
0.010712
0.009735
0.009735
0.008759
0.007782
0.007782
0.009247
0.007782
0.006317
0.007294
0.007294
0.007294
0.005341
0.004852
0.004364
0.002411
0.003387
0.003387
0.000458
0.000458
0.000458
-0.000519
-0.001495
-0.000519
-0.002472
-0.003937
-0.003448
-0.003937
-0.005890
-0.004425
-0.005402
-0.007843
-0.007355
-0.007355
-0.007843
-0.006866
-0.008820
-0.008820
-0.008820
-0.008820
-0.009308
-0.008331
-0.008820
-0.009796
-0.009308
-0.008331
-0.009796
-0.009796
-0.008331
-0.009796
-0.008331
-0.008331
-0.008820
-0.009308
-0.009308
-0.006866
-0.006866
-0.007843
-0.007843
-0.004425
-0.005402
-0.004425
-0.005402
-0.002472
-0.002472
-0.002960
-0.001495
-0.001007
-0.001007
0.000458
0.001434
-0.000031
0.002411
0.002411
0.002899
0.004852
0.004364
0.003876
0.004852
0.006317
0.007294
0.007294
0.006317
0.008270
0.009247
0.009247
0.008759
0.008270
0.009247
0.009735
0.009735
0.009735
0.010223
0.009735
0.009735
0.010712
0.011200
0.009735
0.011200
0.009735
0.009735
0.008759
0.009247
0.009247
0.007782
0.008270
0.008270
0.007782
0.006317
0.005829
0.006805
0.006317
0.005341
0.003876
0.005341
0.002899
0.003387
0.002899
0.000946
0.001434
0.000458
-0.001984
-0.000519
-0.000519
-0.002960
-0.003937
-0.003448
-0.004913
-0.005890
-0.005402
-0.005890
-0.006378
-0.007355
-0.006866
-0.006866
-0.007355
-0.008331
-0.009308
-0.009308
-0.008331
-0.009796
-0.008820
-0.009308
-0.009796
-0.008331
-0.008331
-0.009308
-0.008331
-0.008820
-0.008331
-0.008331
-0.009308
-0.009308
-0.007843
-0.009308
-0.007355
-0.007843
-0.007843
-0.005890
-0.005890
-0.005890
-0.005890
-0.005890
-0.003448
-0.003937
-0.002960
-0.001495
-0.001495
-0.001984
0.000946
-0.000031
0.001434
0.002411
0.002899
0.001923
0.004852
0.003876
0.004852
0.005341
0.006805
0.007294
0.006805
0.006317
0.008759
0.009247
0.007782
0.008759
0.007782
0.008270
0.010712
0.009735
0.010223
0.010223
0.010712
0.011200
0.011200
0.011200
0.010223
0.010223
0.009735
0.010223
0.009735
0.010712
0.008759
0.009247
0.009247
0.009247
0.008759
0.008270
0.005829
0.005829
0.006317
0.003876
0.004364
0.004852
0.002899
0.001923
0.001923
0.001434
0.000458
0.001434
-0.001495
-0.001495
-0.001984
-0.002472
-0.002472
-0.003448
-0.002960
-0.004425
-0.004425
-0.004425
-0.004913
-0.006378
-0.007843
-0.007843
-0.007355
-0.009796
-0.009308
-0.008820
-0.009308
-0.008820
-0.008820
-0.009796
-0.008820
-0.008820
-0.009796
-0.009796
-0.009796
-0.009796
-0.009308
-0.008331
-0.009796
-0.009796
-0.008820
-0.007355
-0.006866
-0.007843
-0.006866
-0.007843
-0.005402
-0.004425
-0.005402
-0.003937
-0.003448
-0.003448
-0.003937
-0.000519
-0.000519
-0.001007
0.000458
0.000458
0.001434
0.002411
0.003387
0.003387
0.003876
0.005341
0.003876
0.004852
0.005829
0.006317
0.005829
0.006317
0.007782
0.008759
0.007782
0.007782
0.008759
0.007782
0.009735
0.010223
0.010223
0.011200
0.011200
0.010223
0.009735
0.009735
0.009735
0.011200
0.010223
0.011200
0.009735
0.008759
0.008759
0.008759
0.008759
0.009247
0.008759
0.006317
0.006805
0.006805
0.005829
0.004364
0.003876
0.004852
0.003876
0.002899
0.002899
0.000458
0.000946
0.000946
-0.001007
-0.001495
-0.001984
-0.001007
-0.003937
-0.003448
-0.005890
-0.005402
-0.005402
-0.005890
-0.005890
-0.006378
-0.007355
-0.007355
-0.007355
-0.009308
-0.009308
-0.009308
-0.009796
-0.009308
-0.009796
-0.009308
-0.008820
-0.009796
-0.008820
-0.008331
-0.008820
-0.009796
-0.009796
-0.008820
-0.009308
-0.009308
-0.009796
-0.006866
-0.007843
-0.006866
-0.006866
-0.006378
-0.004425
-0.005402
-0.005890
-0.004425
-0.002472
-0.002960
-0.002472
-0.001495
-0.001495
-0.001495
-0.001007
-0.000031
-0.000031
0.003387
0.003387
0.002411
0.003387
0.004852
0.005341
0.004852
0.006805
0.006317
0.005829
0.007294
0.007782
0.008759
0.009247
0.009247
0.010223
0.008759
0.010712
0.010712
0.009735
0.011200
0.010223
0.010712
0.011200
0.010223
0.010712
0.011200
0.010223
0.010223
0.011200
0.008759
0.008270
0.008759
0.008759
0.007782
0.006317
0.006805
0.005829
0.007294
0.005829
0.005341
0.003876
0.004364
0.003387
0.002899
0.003387
0.000946
0.000458
-0.000031
-0.000519
-0.001495
-0.000519
-0.001984
-0.003937
-0.003937
-0.004425
-0.005402
-0.005890
-0.004425
-0.005890
-0.006378
-0.006866
-0.006378
-0.007355
-0.009308
-0.009796
-0.008331
-0.009308
-0.009308
-0.009796
-0.008820
-0.008331
-0.009796
-0.008820
-0.009308
-0.008331
-0.008331
-0.008331
-0.008331
-0.009308
-0.008331
-0.009308
