----------------------
Start address  = 	0
Data length    = 	2040
Sample size    = 	2
Sample res     = 	-32768
Sample offset  = 	-16
Input range    = 	2000
Dc offset      = 	0
Segment count  = 	1
Segment number = 	1
Average count = 	0
----------------------
-0.001495
-0.000519
0.002899
0.000946
0.003876
0.004852
0.005829
0.007782
0.007782
0.011688
0.013153
0.016571
0.014130
0.017548
0.018036
0.019989
0.022919
0.021454
0.026337
0.025360
0.030243
0.028778
0.030731
0.030731
0.031708
0.033661
0.034637
0.038544
0.037079
0.040497
0.039032
0.040009
0.041962
0.042450
0.044403
0.043915
0.047333
0.044891
0.045868
0.047821
0.046844
0.049286
0.048309
0.052216
0.046844
0.051239
0.052216
0.049774
0.050751
0.049286
0.051239
0.051727
0.053192
0.051239
0.052216
0.052216
0.051727
0.051727
0.049286
0.050751
0.048798
0.049286
0.049774
0.050262
0.049774
0.046844
0.047333
0.045868
0.044891
0.043915
0.043427
0.043427
0.042450
0.044403
0.040497
0.039032
0.037567
0.037567
0.036591
0.034637
0.034149
0.032196
0.031708
0.027802
0.028290
0.028778
0.025848
0.025360
0.021942
0.021942
0.017548
0.020477
0.016083
0.016571
0.014130
0.010223
0.012665
0.007782
0.008759
0.007294
0.005341
0.003876
0.003387
0.001434
-0.002960
-0.000519
-0.006378
-0.005402
-0.006866
-0.009796
-0.008820
-0.013214
-0.013214
-0.016632
-0.014191
-0.019073
-0.019562
-0.021027
-0.022491
-0.022003
-0.026886
-0.025421
-0.027863
-0.028351
-0.030304
-0.033234
-0.032745
-0.034210
-0.034210
-0.036652
-0.036652
-0.039093
-0.040070
-0.040070
-0.041534
-0.042999
-0.044464
-0.042023
-0.045441
-0.045441
-0.046417
-0.047394
-0.046906
-0.048859
-0.046906
-0.049835
-0.047882
-0.047394
-0.048859
-0.048859
-0.049347
-0.047882
-0.049835
-0.048859
-0.050812
-0.049347
-0.048859
-0.050812
-0.048859
-0.048370
-0.045441
-0.048370
-0.046906
-0.045929
-0.045441
-0.044464
-0.043976
-0.041534
-0.044952
-0.041534
-0.042999
-0.041046
-0.039581
-0.041046
-0.035187
-0.039093
-0.034698
-0.036163
-0.034210
-0.032257
-0.031769
-0.028839
-0.029816
-0.027374
-0.026398
-0.024445
-0.024445
-0.022491
-0.020538
-0.020050
-0.016144
-0.017609
-0.015656
-0.014679
-0.013214
-0.008331
-0.008331
-0.005890
-0.007355
-0.003448
-0.002960
-0.001007
0.000946
0.002899
0.004852
0.005341
0.008759
0.008270
0.009735
0.012177
0.012665
0.014618
0.013641
0.019012
0.018524
0.021942
0.022919
0.023407
0.024872
0.025360
0.028290
0.028778
0.029755
0.029755
0.034637
0.034149
0.036591
0.037079
0.036102
0.040497
0.037567
0.040985
0.039032
0.040985
0.044403
0.042938
0.045380
0.045380
0.048309
0.045868
0.046844
0.048309
0.047821
0.049286
0.048309
0.051727
0.050262
0.052216
0.050751
0.049286
0.050751
0.051727
0.054169
0.050751
0.051727
0.050751
0.050751
0.051239
0.049774
0.051727
0.050262
0.050751
0.050262
0.050262
0.046844
0.047821
0.047821
0.046356
0.045380
0.043427
0.044403
0.041962
0.041962
0.041962
0.039032
0.041473
0.038055
0.037079
0.036591
0.036102
0.034149
0.031708
0.032684
0.029266
0.029266
0.026825
0.027802
0.024872
0.024872
0.022919
0.018036
0.019501
0.016571
0.017059
0.014130
0.011688
0.012665
0.009247
0.008270
0.004364
0.003876
0.002411
0.002411
0.001434
-0.001007
-0.002960
-0.004425
-0.005890
-0.009308
-0.008820
-0.011749
-0.013214
-0.012726
-0.016632
-0.015656
-0.019562
-0.019073
-0.020538
-0.022980
-0.023468
-0.023956
-0.023956
-0.028839
-0.029327
-0.030304
-0.029816
-0.031769
-0.033722
-0.034210
-0.035675
-0.036652
-0.038116
-0.038116
-0.040558
-0.039581
-0.042511
-0.044464
-0.042511
-0.044952
-0.043976
-0.045441
-0.046417
-0.046906
-0.046906
-0.045441
-0.048859
-0.046417
-0.049347
-0.048370
-0.049835
-0.047394
-0.048859
-0.049835
-0.048859
-0.049347
-0.048370
-0.049347
-0.047882
-0.047882
-0.048370
-0.046906
-0.048859
-0.045929
-0.048370
-0.045441
-0.046906
-0.043976
-0.044952
-0.044464
-0.042511
-0.042511
-0.040558
-0.040558
-0.038605
-0.036652
-0.039093
-0.034210
-0.037140
-0.031769
-0.033722
-0.029816
-0.030304
-0.028351
-0.026886
-0.026398
-0.025421
-0.024933
-0.021515
-0.021515
-0.018097
-0.016632
-0.016144
-0.015656
-0.015656
-0.011749
-0.010284
-0.008331
-0.007843
-0.005890
-0.002960
-0.002472
-0.001007
-0.001495
0.001923
0.002411
0.004364
0.006317
0.006805
0.012177
0.009735
0.013641
0.013641
0.015594
0.018524
0.017548
0.020966
0.019989
0.023407
0.024872
0.025360
0.028778
0.027313
0.030243
0.030243
0.032196
0.034637
0.035614
0.035126
0.037079
0.039032
0.039032
0.042450
0.039032
0.043915
0.041962
0.044891
0.044891
0.045380
0.047333
0.044891
0.049286
0.046844
0.049774
0.048798
0.050262
0.050751
0.049286
0.052216
0.050262
0.051239
0.051727
0.051239
0.052216
0.052216
0.053680
0.050262
0.052704
0.049774
0.050751
0.049774
0.050262
0.049286
0.048309
0.048798
0.046844
0.047821
0.047333
0.046356
0.045868
0.043427
0.044891
0.044403
0.044403
0.040497
0.039032
0.039032
0.037567
0.037079
0.036591
0.035126
0.032684
0.032196
0.031219
0.029266
0.030731
0.026825
0.028290
0.023407
0.023407
0.020966
0.019989
0.019501
0.017059
0.016571
0.014618
0.014130
0.010223
0.009735
0.009247
0.005829
0.005829
0.003387
0.002899
-0.000031
-0.000519
-0.003448
-0.002960
-0.005402
-0.008331
-0.006866
-0.010773
-0.011261
-0.015167
-0.014679
-0.016632
-0.019073
-0.018585
-0.023468
-0.020050
-0.023956
-0.024445
-0.027374
-0.027863
-0.027863
-0.032745
-0.030304
-0.035187
-0.033234
-0.037140
-0.036163
-0.037140
-0.038116
-0.036652
-0.042023
-0.040558
-0.043976
-0.042511
-0.042999
-0.043488
-0.043488
-0.045929
-0.043488
-0.047394
-0.045441
-0.048859
-0.047882
-0.047882
-0.049835
-0.048859
-0.050812
-0.048859
-0.049347
-0.048859
-0.047882
-0.050812
-0.048859
-0.050812
-0.047394
-0.049347
-0.047882
-0.048370
-0.048370
-0.046417
-0.045929
-0.043976
-0.045441
-0.043488
-0.043488
-0.044464
-0.041534
-0.042023
-0.041046
-0.041046
-0.038116
-0.037628
-0.037140
-0.037140
-0.037140
-0.033234
-0.033722
-0.030304
-0.029816
-0.028351
-0.027374
-0.026886
-0.023956
-0.023956
-0.020538
-0.020050
-0.018097
-0.019562
-0.017609
-0.014191
-0.014679
-0.010773
-0.013702
-0.007843
-0.008331
-0.005402
-0.002960
-0.003937
-0.000031
-0.001984
0.002411
0.002899
0.006317
0.005829
0.008270
0.011200
0.010223
0.015106
0.015106
0.015594
0.017059
0.018036
0.019501
0.022919
0.023407
0.024384
0.027802
0.026825
0.030731
0.029266
0.032684
0.033173
0.033661
0.037567
0.035126
0.037567
0.038544
0.039520
0.042450
0.040497
0.042938
0.041962
0.045380
0.044403
0.046356
0.044891
0.047821
0.050262
0.047333
0.049286
0.048798
0.048798
0.050262
0.048798
0.051727
0.048798
0.053192
0.050751
0.054169
0.049774
0.051727
0.052216
0.052216
0.052216
0.049286
0.052216
0.050262
0.050262
0.049774
0.050262
0.049286
0.048309
0.046844
0.046356
0.048309
0.045868
0.045380
0.042938
0.042938
0.042938
0.039032
0.041962
0.038544
0.037567
0.037079
0.036591
0.035126
0.033173
0.033173
0.030731
0.029266
0.030731
0.027313
0.026825
0.023407
0.023407
0.021942
0.022919
0.018524
0.018036
0.015594
0.013641
0.014618
0.010223
0.011200
0.006805
0.006317
0.005341
0.003387
0.002899
-0.000519
-0.000031
-0.002472
-0.003937
-0.006378
-0.007355
-0.009796
-0.010284
-0.011749
-0.013214
-0.013214
-0.018585
-0.017120
-0.018097
-0.020538
-0.020538
-0.023956
-0.024445
-0.026886
-0.025909
-0.028839
-0.030792
-0.032257
-0.034698
-0.033234
-0.037140
-0.034698
-0.038116
-0.038116
-0.038116
-0.040558
-0.040558
-0.042023
-0.042023
-0.043488
-0.042999
-0.045441
-0.045441
-0.046417
-0.048370
-0.046417
-0.047394
-0.047394
-0.048370
-0.048370
-0.048859
-0.050323
-0.047882
-0.049835
-0.047882
-0.049347
-0.049347
-0.050812
-0.048859
-0.047394
-0.049347
-0.045929
-0.047882
-0.045929
-0.047882
-0.045929
-0.046417
-0.046906
-0.043488
-0.044952
-0.042511
-0.042511
-0.041534
-0.041046
-0.040070
-0.038116
-0.040070
-0.035675
-0.037140
-0.035187
-0.034210
-0.032745
-0.031281
-0.030792
-0.026398
-0.027863
-0.026398
-0.025421
-0.022980
-0.022980
-0.020050
-0.019562
-0.019073
-0.015656
-0.017609
-0.012238
-0.013214
-0.011749
-0.009796
-0.008331
-0.004425
-0.004425
-0.001984
-0.000519
0.000458
0.002411
0.002411
0.006317
0.005341
0.009247
0.008759
0.012177
0.012177
0.015106
0.018036
0.016571
0.019989
0.019989
0.022430
0.021454
0.024872
0.026825
0.025848
0.030731
0.030731
0.032684
0.031219
0.034637
0.036591
0.035126
0.037079
0.038055
0.040497
0.039520
0.041473
0.043915
0.041962
0.046356
0.044403
0.048309
0.045868
0.046844
0.048309
0.047821
0.048798
0.047821
0.050751
0.049286
0.052216
0.050262
0.052216
0.052216
0.052216
0.054169
0.051727
0.051727
0.050262
0.052216
0.050751
0.052216
0.051239
0.050262
0.051239
0.048309
0.049286
0.047821
0.048309
0.047333
0.045868
0.047821
0.045868
0.044891
0.043915
0.043427
0.040985
0.040497
0.040985
0.039032
0.039032
0.036102
0.037567
0.035614
0.033661
0.034149
0.030243
0.030731
0.025848
0.028778
0.024872
0.023895
0.023895
0.020477
0.019501
0.018036
0.017548
0.015594
0.013641
0.011688
0.009735
0.009735
0.007782
0.007782
0.004852
0.003876
-0.000031
0.000458
-0.001007
-0.003448
-0.003937
-0.007843
-0.007843
-0.008331
-0.008331
-0.011261
-0.012238
-0.014191
-0.018585
-0.017609
-0.021515
-0.021027
-0.022980
-0.023956
-0.024933
-0.026886
-0.026398
-0.029816
-0.027863
-0.032745
-0.032257
-0.034210
-0.037140
-0.033722
-0.039093
-0.036652
-0.040558
-0.037628
-0.041046
-0.042999
-0.041534
-0.044952
-0.041534
-0.046417
-0.044952
-0.045929
-0.046417
-0.045441
-0.047882
-0.045441
-0.050812
-0.045441
-0.049835
-0.048370
-0.047882
-0.049835
-0.048370
-0.050323
-0.047882
-0.050323
-0.048370
-0.049347
-0.047882
-0.045929
-0.048370
-0.045929
-0.047882
-0.044464
-0.046417
-0.044952
-0.044464
-0.044464
-0.042023
-0.044952
-0.040070
-0.041534
-0.040558
-0.039581
-0.039093
-0.036163
-0.036652
-0.034210
-0.035187
-0.033234
-0.031769
-0.029816
-0.027863
-0.027863
-0.024933
-0.027374
-0.022003
-0.022980
-0.020538
-0.018097
-0.018585
-0.015656
-0.014191
-0.012238
-0.013214
-0.009796
-0.009308
-0.007843
-0.004913
-0.004913
-0.001007
-0.000519
-0.000031
0.000946
0.004364
0.003876
0.006317
0.008270
0.009247
0.012177
0.013153
0.015106
0.016083
0.017548
0.020477
0.017548
0.022430
0.022919
0.024872
0.025848
0.027802
0.028290
0.029755
0.032196
0.032684
0.034149
0.034149
0.036102
0.037079
0.037567
0.040497
0.039032
0.042450
0.040985
0.044403
0.043427
0.044891
0.044891
0.046356
0.047333
0.045380
0.049286
0.048309
0.048798
0.050262
0.049774
0.051239
0.050262
0.053680
0.051239
0.051239
0.051239
0.051727
0.051239
0.048798
0.053192
0.049286
0.051727
0.051239
0.049774
0.051239
0.049774
0.049774
0.046844
0.050262
0.045868
0.047333
0.048309
0.045380
0.045380
0.042450
0.043915
0.041962
0.040985
0.039032
0.040009
0.038544
0.035614
0.038544
0.034637
0.033173
0.031219
0.032196
0.029755
0.027802
0.027802
0.023407
0.025848
0.022430
0.022430
0.020966
0.018524
0.018524
0.014130
0.014618
0.011688
0.012177
0.009247
0.008759
0.006805
0.003876
0.004852
-0.000031
0.001434
-0.001495
-0.001984
-0.003937
-0.004913
-0.006866
-0.010284
-0.011261
-0.012238
-0.013214
-0.015656
-0.017120
-0.017120
-0.021515
-0.021027
-0.024933
-0.023468
-0.025421
-0.026398
-0.028351
-0.030792
-0.027863
-0.031769
-0.031769
-0.033722
-0.034210
-0.036652
-0.039093
-0.035675
-0.039581
-0.038116
-0.041534
-0.042511
-0.042999
-0.043488
-0.042999
-0.046417
-0.043976
-0.048370
-0.045929
-0.045441
-0.046906
-0.048859
-0.048370
-0.048859
-0.050812
-0.048370
-0.049835
-0.048370
-0.050323
-0.049347
-0.047882
-0.049347
-0.047394
-0.049347
-0.047394
-0.048370
-0.048859
-0.046906
-0.047882
-0.045929
-0.047394
-0.044952
-0.046906
-0.041534
-0.042999
-0.042999
-0.041534
-0.042999
-0.037628
-0.040070
-0.037628
-0.039093
-0.034210
-0.034698
-0.033722
-0.032257
-0.032745
-0.028839
-0.028351
-0.027374
-0.026398
-0.024933
-0.022491
-0.022980
-0.020538
-0.020050
-0.016632
-0.016144
-0.014191
-0.012238
-0.013702
-0.008820
-0.011261
-0.007843
-0.007355
-0.004913
-0.002960
-0.001007
0.002411
-0.000031
0.004852
0.003876
0.006317
0.008759
0.010223
0.012665
0.013153
0.017059
0.015106
0.019012
0.018036
0.019501
0.022919
0.022919
0.025360
0.025848
0.028290
0.028290
0.030243
0.032684
0.031708
0.034149
0.033661
0.038055
0.036591
0.039520
0.040009
0.040009
0.041962
0.041962
0.046356
0.042938
0.045380
0.045380
0.047333
0.047333
0.047821
0.049774
0.048309
0.048798
0.050262
0.052216
0.052216
0.050262
0.051727
0.050751
0.051239
0.048798
0.052216
0.048798
0.052216
0.052216
0.050751
0.053192
0.048798
0.051239
0.050262
0.049286
0.049774
0.047333
0.048798
0.046356
0.048309
0.045380
0.046356
0.045380
0.043427
0.042938
0.041962
0.042450
0.039032
0.040497
0.038544
0.037079
0.036102
0.034149
0.033661
0.031708
0.032684
0.030731
0.029755
0.028290
0.026337
0.025848
0.022430
0.023895
0.017548
0.019501
0.015594
0.015594
0.014130
0.012177
0.013153
0.009247
0.010223
0.006805
0.003876
0.003876
0.000458
0.001434
-0.001495
-0.001495
-0.005402
-0.004425
-0.007843
-0.009308
-0.008331
-0.013214
-0.012726
-0.016144
-0.014679
-0.018097
-0.018585
-0.020538
-0.022980
-0.022491
-0.026886
-0.027374
-0.029327
-0.028351
-0.029816
-0.032257
-0.031769
-0.035187
-0.033722
-0.035675
-0.036652
-0.039093
-0.039093
-0.040070
-0.041534
-0.040070
-0.044464
-0.042023
-0.045441
-0.043488
-0.046417
-0.045929
-0.045929
-0.048370
-0.045929
-0.048370
-0.047882
-0.048370
-0.048859
-0.047882
-0.049835
-0.048859
-0.050323
-0.048370
-0.050812
-0.049347
-0.047882
-0.050812
-0.048859
-0.050812
-0.046906
-0.048370
-0.046417
-0.045441
-0.046417
-0.044952
-0.046417
-0.042999
-0.044952
-0.042999
-0.042023
-0.040070
-0.040558
-0.040070
-0.038605
-0.038116
-0.035187
-0.037140
-0.033722
-0.033234
-0.032745
-0.029327
-0.031281
-0.027374
-0.027374
-0.024933
-0.025421
-0.022980
-0.021027
-0.021027
-0.017609
-0.018097
-0.014191
-0.014679
-0.012238
-0.011749
-0.008820
-0.005402
-0.007843
-0.002960
-0.003448
-0.001495
0.000946
0.001923
0.004364
0.005341
0.008270
0.008759
0.010223
0.012177
0.012665
0.014130
0.013641
0.018524
0.018524
0.022430
0.019501
0.024872
0.025848
0.024384
0.027802
0.027313
0.032684
0.032684
0.032196
0.033173
0.033173
0.037079
0.035126
0.040497
0.038544
0.042450
0.042450
0.041473
0.042938
0.043427
0.044891
0.044891
0.046844
0.046356
0.047333
0.049774
0.047821
0.049774
0.049286
0.051727
0.048798
0.051727
0.051239
0.052216
0.051727
0.050751
0.053192
0.048798
0.051239
0.052216
0.050751
0.050751
0.049286
0.052216
0.048798
0.051239
0.049774
0.049286
0.046844
0.047333
0.048309
0.046356
0.048309
0.043915
0.044891
0.044403
0.041962
0.041473
0.040497
0.040009
0.037079
0.038544
0.035126
0.035614
0.033661
0.031708
0.032684
0.029755
0.029266
0.026825
0.028778
0.023895
0.024872
0.022430
0.020966
0.020477
0.017059
0.016083
0.015106
0.013153
0.011200
0.009247
0.008270
0.006317
0.005829
0.001923
0.003387
0.000946
-0.000519
-0.000519
-0.004913
-0.004425
-0.008331
-0.009308
-0.011261
-0.013214
-0.013702
-0.015167
-0.014679
-0.018585
-0.018097
-0.020538
-0.022491
-0.023956
-0.025909
-0.024933
-0.029327
-0.028839
-0.032745
-0.029816
-0.033234
-0.034698
-0.033722
-0.036652
-0.037140
-0.038605
-0.037628
-0.041046
-0.040558
-0.042511
-0.042999
-0.042999
-0.044464
-0.044952
-0.045441
-0.045441
-0.045929
-0.045441
-0.047882
-0.048859
-0.045441
-0.049347
-0.047882
-0.049347
-0.048370
-0.048859
-0.050812
-0.048859
-0.049835
-0.048859
-0.049835
-0.048859
-0.048859
-0.047882
-0.047882
-0.047394
-0.045441
-0.047394
-0.046906
-0.046906
-0.046906
-0.042023
-0.044952
-0.042023
-0.043976
-0.039581
-0.040558
-0.039093
-0.037628
-0.039093
-0.034210
-0.035675
-0.031769
-0.033234
-0.030792
-0.030304
-0.028351
-0.026886
-0.026398
-0.024445
-0.024445
-0.020538
-0.020050
-0.020538
-0.016144
-0.016144
-0.013214
-0.014191
-0.011749
-0.010773
-0.009308
-0.007355
-0.005402
-0.003937
-0.002960
-0.001007
0.001434
0.001923
0.002899
0.004852
0.005829
0.006805
0.009735
0.010712
0.013153
0.013641
0.015594
0.018036
0.018036
0.021942
0.019989
0.023407
0.024872
0.025360
0.028290
0.027313
0.031219
0.030243
0.034637
0.034149
0.035126
0.035126
0.035126
0.038544
0.037079
0.041962
0.041962
0.044403
0.042450
0.042938
0.044891
0.046356
0.048309
0.045380
0.049286
0.046844
0.050262
0.049774
0.049774
0.051727
0.049286
0.051727
0.049774
0.052216
0.051239
0.050751
0.050751
0.052216
0.050751
0.050262
0.050751
0.050262
0.050751
0.048798
0.049286
0.048798
0.048798
0.049286
0.047333
0.047333
0.045868
0.044891
0.045868
0.042938
0.046356
0.041962
0.042938
0.041473
0.040497
0.040497
0.038544
0.038544
0.036591
0.036591
0.033173
0.033173
0.031219
0.029755
0.029266
0.025360
0.028290
0.024872
0.024872
0.022430
0.020477
0.019012
0.016083
0.015594
0.012665
0.014130
0.010223
0.010712
0.008759
0.006805
0.005341
0.003387
0.001923
-0.001495
-0.001495
-0.003937
-0.004425
-0.005890
-0.008331
-0.009796
-0.010284
-0.010284
-0.015656
-0.015167
-0.017120
-0.018585
-0.019562
-0.022491
-0.020538
-0.024445
-0.025421
-0.027374
-0.028351
-0.029327
-0.031281
-0.030792
-0.032745
-0.033234
-0.034698
-0.037140
-0.035675
-0.037628
-0.038605
-0.042999
-0.040558
-0.042023
-0.042999
-0.042999
-0.044952
-0.044952
-0.045441
-0.044464
-0.048859
-0.048370
-0.048859
-0.047394
-0.048370
-0.050812
-0.047882
-0.050323
-0.047394
-0.050323
-0.048859
-0.048859
-0.049347
-0.048859
-0.049835
-0.047882
-0.049347
-0.047882
-0.047394
-0.047882
-0.046417
-0.048370
-0.044952
-0.045441
-0.043976
-0.044952
-0.043488
-0.042511
-0.042999
-0.040070
-0.039581
-0.039093
-0.038116
-0.035675
-0.036163
-0.037140
-0.033234
-0.034210
-0.031281
-0.030304
-0.028839
-0.029327
-0.027374
-0.025421
-0.024933
-0.020538
-0.023468
-0.018585
-0.018097
-0.017120
-0.014679
-0.015656
-0.011749
-0.010773
-0.006866
-0.008820
-0.004425
-0.004913
-0.002960
-0.001984
-0.001495
0.003387
0.002411
0.003876
0.006805
0.007782
0.009735
0.010223
0.015106
0.012665
0.017059
0.017059
0.019501
0.022430
0.021942
0.023895
0.023895
0.027313
0.025848
0.030731
0.029266
0.030731
0.031708
0.031219
0.036591
0.033661
0.038544
0.038055
0.039520
0.042450
0.040985
0.042938
0.040985
0.046356
0.042938
0.048309
0.045868
0.048309
0.048309
0.047333
0.050262
0.048309
0.048798
0.048798
0.048798
0.051239
0.049774
0.052216
0.049286
0.052704
0.049774
0.050751
0.052216
0.051727
0.052216
0.049286
0.051727
0.050262
0.050751
0.049774
0.050262
0.049286
0.047821
0.048309
0.044891
0.048309
0.045380
0.046356
0.042938
0.043915
0.043915
0.040009
0.041473
0.039520
0.039520
0.038055
0.035126
0.035126
0.032196
0.033173
0.031708
0.029755
0.027313
0.025848
0.026825
0.024384
0.023407
0.019501
0.021942
0.018524
0.019012
0.017059
0.014618
0.013641
0.010223
0.011200
0.005829
0.006805
0.003876
0.002411
0.001923
-0.000519
0.000458
-0.003448
-0.003448
-0.005890
-0.007843
-0.009796
-0.011261
-0.011261
-0.015167
-0.015167
-0.016144
-0.016144
-0.018585
-0.020050
-0.021027
-0.024445
-0.025421
-0.027374
-0.025909
-0.027863
-0.031281
-0.029816
-0.034698
-0.032257
-0.036163
-0.034210
-0.038116
-0.038116
-0.038116
-0.040070
-0.041046
-0.042999
-0.041534
-0.043976
-0.042511
-0.044952
-0.046417
-0.044952
-0.047394
-0.044952
-0.048859
-0.048370
-0.048859
-0.047882
-0.047882
-0.049347
-0.048370
-0.050812
-0.048370
-0.050812
-0.048370
-0.048370
-0.048370
-0.047882
-0.049347
-0.046906
-0.047882
-0.045441
-0.045929
-0.046906
-0.046906
-0.045441
-0.044464
-0.043976
-0.042999
-0.042023
-0.040558
-0.039581
-0.041046
-0.039093
-0.038605
-0.036652
-0.036652
-0.035187
-0.034210
-0.032257
-0.030304
-0.029816
-0.027863
-0.027863
-0.027374
-0.023956
-0.024445
-0.021515
-0.022003
-0.019562
-0.018097
-0.015167
-0.015656
-0.013214
-0.012726
-0.010284
-0.009796
-0.007843
-0.004913
-0.005402
-0.000519
-0.000519
0.001434
0.003387
0.002411
0.006317
0.005829
0.009735
0.008759
0.011688
0.012177
0.015106
0.017059
0.016571
0.020966
0.018524
0.022430
0.021942
0.024384
0.025360
0.025360
0.029266
0.029266
0.032196
0.032684
0.034637
0.036102
0.036102
0.039032
0.038544
0.040497
0.040009
0.040985
0.041473
0.042450
0.045380
0.043915
0.047821
0.045868
0.047333
